0 [1.3132616, 13.132616, 13.132616, 13.132616, 131.32616, 1.3132616, 13132.616, 0.013132616, 0.13132617]
1000 [1.303e+00, 1.314e+01, 1.314e+01, 1.256e+01, 1.326e+02, 1.319e+00, 1.303e+04, 1.598e-02, 1.677e-01]
2000 [1.303e+00, 1.314e+01, 1.314e+01, 1.209e+01, 1.337e+02, 1.283e+00, 1.301e+04, 1.665e-02, 1.723e-01]
3000 [1.303e+00, 1.306e+01, 1.310e+01, 1.134e+01, 1.360e+02, 1.118e+00, 1.299e+04, 1.775e-02, 1.794e-01]
4000 [1.303e+00, 1.270e+01, 1.281e+01, 1.038e+01, 1.378e+02, 8.808e-01, 1.298e+04, 1.923e-02, 1.896e-01]
5000 [1.302e+00, 1.272e+01, 1.287e+01, 9.290e+00, 1.379e+02, 7.534e-01, 1.298e+04, 2.226e-02, 2.211e-01]
6000 [1.208e+00, 1.211e+01, 1.229e+01, 7.960e+00, 1.321e+02, 7.043e-01, 1.245e+04, 2.514e-02, 2.506e-01]
7000 [1.201e+00, 1.206e+01, 1.223e+01, 7.275e+00, 1.318e+02, 7.041e-01, 1.240e+04, 2.515e-02, 2.504e-01]
8000 [1.183e+00, 1.178e+01, 1.194e+01, 6.441e+00, 1.299e+02, 6.975e-01, 1.221e+04, 2.513e-02, 2.498e-01]
9000 [1.164e+00, 1.177e+01, 1.193e+01, 5.638e+00, 1.289e+02, 6.983e-01, 1.202e+04, 2.514e-02, 2.495e-01]
10000 [1.145e+00, 1.177e+01, 1.194e+01, 4.806e+00, 1.276e+02, 6.979e-01, 1.181e+04, 2.513e-02, 2.492e-01]
11000 [1.110e+00, 1.178e+01, 1.194e+01, 4.038e+00, 1.271e+02, 6.953e-01, 1.145e+04, 2.512e-02, 2.488e-01]
12000 [1.068e+00, 1.179e+01, 1.197e+01, 3.324e+00, 1.265e+02, 6.881e-01, 1.100e+04, 2.505e-02, 2.478e-01]
13000 [1.017e+00, 1.184e+01, 1.204e+01, 2.695e+00, 1.258e+02, 6.797e-01, 1.049e+04, 2.490e-02, 2.463e-01]
14000 [9.570e-01, 1.197e+01, 1.221e+01, 2.162e+00, 1.257e+02, 6.765e-01, 1.000e+04, 2.472e-02, 2.446e-01]
15000 [8.992e-01, 1.205e+01, 1.238e+01, 1.747e+00, 1.251e+02, 6.789e-01, 9.503e+03, 2.466e-02, 2.437e-01]
16000 [8.234e-01, 1.195e+01, 1.236e+01, 1.422e+00, 1.243e+02, 7.076e-01, 8.940e+03, 2.483e-02, 2.435e-01]
17000 [7.634e-01, 1.189e+01, 1.234e+01, 1.150e+00, 1.239e+02, 7.950e-01, 8.362e+03, 2.519e-02, 2.433e-01]
18000 [7.003e-01, 1.188e+01, 1.234e+01, 9.258e-01, 1.219e+02, 9.688e-01, 7.679e+03, 2.575e-02, 2.424e-01]
19000 [6.554e-01, 1.191e+01, 1.235e+01, 7.499e-01, 1.204e+02, 1.273e+00, 6.975e+03, 2.651e-02, 2.405e-01]
20000 [6.095e-01, 1.198e+01, 1.236e+01, 6.179e-01, 1.161e+02, 1.714e+00, 6.190e+03, 2.743e-02, 2.378e-01]
21000 [5.420e-01, 1.114e+01, 1.144e+01, 5.209e-01, 1.002e+02, 2.155e+00, 5.073e+03, 2.784e-02, 2.311e-01]
22000 [5.413e-01, 1.115e+01, 1.145e+01, 5.173e-01, 9.973e+01, 2.174e+00, 5.047e+03, 2.792e-02, 2.313e-01]
23000 [5.408e-01, 1.116e+01, 1.147e+01, 5.073e-01, 9.944e+01, 2.208e+00, 5.021e+03, 2.801e-02, 2.314e-01]
24000 [5.398e-01, 1.117e+01, 1.150e+01, 4.930e-01, 9.899e+01, 2.263e+00, 4.982e+03, 2.817e-02, 2.315e-01]
25000 [5.380e-01, 1.119e+01, 1.154e+01, 4.736e-01, 9.825e+01, 2.349e+00, 4.927e+03, 2.840e-02, 2.315e-01]
26000 [5.346e-01, 1.122e+01, 1.160e+01, 4.492e-01, 9.700e+01, 2.480e+00, 4.854e+03, 2.871e-02, 2.314e-01]
27000 [5.282e-01, 1.126e+01, 1.167e+01, 4.208e-01, 9.520e+01, 2.664e+00, 4.763e+03, 2.906e-02, 2.309e-01]
28000 [5.148e-01, 1.134e+01, 1.175e+01, 3.917e-01, 9.224e+01, 2.920e+00, 4.634e+03, 2.945e-02, 2.305e-01]
29000 [4.939e-01, 1.148e+01, 1.184e+01, 3.654e-01, 8.769e+01, 3.256e+00, 4.473e+03, 2.988e-02, 2.320e-01]
30000 [4.688e-01, 1.166e+01, 1.190e+01, 3.457e-01, 8.091e+01, 3.668e+00, 4.274e+03, 3.036e-02, 2.394e-01]
31000 [4.454e-01, 1.176e+01, 1.189e+01, 3.360e-01, 7.124e+01, 4.143e+00, 4.047e+03, 3.087e-02, 2.584e-01]
32000 [4.112e-01, 1.167e+01, 1.175e+01, 3.340e-01, 5.734e+01, 4.622e+00, 3.594e+03, 3.131e-02, 2.918e-01]
33000 [4.095e-01, 1.164e+01, 1.176e+01, 3.394e-01, 4.821e+01, 5.107e+00, 3.438e+03, 3.167e-02, 3.280e-01]
34000 [4.054e-01, 1.152e+01, 1.175e+01, 3.442e-01, 3.766e+01, 5.512e+00, 3.157e+03, 3.195e-02, 3.737e-01]
35000 [3.950e-01, 1.140e+01, 1.176e+01, 3.526e-01, 2.713e+01, 5.870e+00, 2.773e+03, 3.212e-02, 4.124e-01]
36000 [3.880e-01, 1.130e+01, 1.181e+01, 3.774e-01, 1.823e+01, 6.239e+00, 2.453e+03, 3.227e-02, 4.437e-01]
37000 [3.814e-01, 1.122e+01, 1.189e+01, 4.426e-01, 1.121e+01, 6.646e+00, 2.210e+03, 3.247e-02, 4.595e-01]
38000 [3.718e-01, 1.116e+01, 1.195e+01, 5.037e-01, 6.604e+00, 6.926e+00, 1.900e+03, 3.277e-02, 4.629e-01]
39000 [3.510e-01, 1.092e+01, 1.173e+01, 4.440e-01, 4.572e+00, 7.017e+00, 1.654e+03, 3.305e-02, 4.642e-01]
40000 [3.468e-01, 1.090e+01, 1.174e+01, 4.667e-01, 3.799e+00, 7.051e+00, 1.647e+03, 3.335e-02, 4.675e-01]
41000 [3.406e-01, 1.090e+01, 1.176e+01, 4.777e-01, 3.076e+00, 7.075e+00, 1.628e+03, 3.369e-02, 4.708e-01]
42000 [3.331e-01, 1.092e+01, 1.179e+01, 4.715e-01, 2.441e+00, 7.094e+00, 1.609e+03, 3.416e-02, 4.739e-01]
43000 [3.251e-01, 1.088e+01, 1.178e+01, 4.691e-01, 1.914e+00, 7.103e+00, 1.577e+03, 3.469e-02, 4.763e-01]
44000 [3.189e-01, 1.079e+01, 1.175e+01, 4.876e-01, 1.477e+00, 7.096e+00, 1.535e+03, 3.516e-02, 4.780e-01]
45000 [3.115e-01, 1.071e+01, 1.173e+01, 5.116e-01, 1.138e+00, 7.057e+00, 1.484e+03, 3.556e-02, 4.796e-01]
46000 [3.047e-01, 1.066e+01, 1.173e+01, 5.245e-01, 8.817e-01, 6.993e+00, 1.419e+03, 3.588e-02, 4.814e-01]
47000 [2.795e-01, 1.010e+01, 1.117e+01, 4.686e-01, 7.002e-01, 6.898e+00, 1.211e+03, 3.607e-02, 4.825e-01]
48000 [2.773e-01, 1.012e+01, 1.121e+01, 4.660e-01, 6.569e-01, 6.890e+00, 1.206e+03, 3.618e-02, 4.843e-01]
49000 [2.753e-01, 1.014e+01, 1.126e+01, 4.626e-01, 6.108e-01, 6.879e+00, 1.189e+03, 3.643e-02, 4.873e-01]
50000 [2.715e-01, 1.013e+01, 1.129e+01, 4.624e-01, 5.572e-01, 6.869e+00, 1.165e+03, 3.679e-02, 4.906e-01]
51000 [2.681e-01, 1.011e+01, 1.131e+01, 4.672e-01, 4.973e-01, 6.856e+00, 1.131e+03, 3.715e-02, 4.928e-01]
52000 [2.623e-01, 1.010e+01, 1.132e+01, 4.772e-01, 4.351e-01, 6.842e+00, 1.094e+03, 3.746e-02, 4.941e-01]
53000 [2.571e-01, 1.009e+01, 1.133e+01, 4.891e-01, 3.750e-01, 6.817e+00, 1.046e+03, 3.770e-02, 4.953e-01]
54000 [2.522e-01, 1.007e+01, 1.132e+01, 4.989e-01, 3.213e-01, 6.779e+00, 9.896e+02, 3.790e-02, 4.967e-01]
55000 [2.489e-01, 1.003e+01, 1.132e+01, 5.040e-01, 2.749e-01, 6.744e+00, 9.209e+02, 3.807e-02, 4.983e-01]
56000 [2.355e-01, 9.797e+00, 1.108e+01, 4.385e-01, 2.206e-01, 6.631e+00, 7.969e+02, 3.844e-02, 5.016e-01]
57000 [2.354e-01, 9.801e+00, 1.108e+01, 4.467e-01, 2.057e-01, 6.635e+00, 7.962e+02, 3.855e-02, 5.032e-01]
58000 [2.353e-01, 9.802e+00, 1.109e+01, 4.602e-01, 1.928e-01, 6.640e+00, 7.957e+02, 3.861e-02, 5.040e-01]
59000 [2.348e-01, 9.802e+00, 1.109e+01, 4.739e-01, 1.786e-01, 6.644e+00, 7.917e+02, 3.866e-02, 5.050e-01]
60000 [2.339e-01, 9.799e+00, 1.108e+01, 4.862e-01, 1.642e-01, 6.646e+00, 7.847e+02, 3.871e-02, 5.062e-01]
61000 [2.323e-01, 9.789e+00, 1.107e+01, 4.989e-01, 1.501e-01, 6.648e+00, 7.748e+02, 3.878e-02, 5.075e-01]
62000 [2.293e-01, 9.763e+00, 1.104e+01, 5.098e-01, 1.374e-01, 6.650e+00, 7.587e+02, 3.884e-02, 5.088e-01]
63000 [2.262e-01, 9.734e+00, 1.102e+01, 5.169e-01, 1.269e-01, 6.656e+00, 7.370e+02, 3.890e-02, 5.101e-01]
64000 [2.231e-01, 9.703e+00, 1.099e+01, 5.104e-01, 1.184e-01, 6.667e+00, 7.108e+02, 3.895e-02, 5.113e-01]
65000 [2.196e-01, 9.665e+00, 1.097e+01, 5.110e-01, 1.109e-01, 6.688e+00, 6.776e+02, 3.899e-02, 5.126e-01]
66000 [2.165e-01, 9.628e+00, 1.094e+01, 5.139e-01, 1.045e-01, 6.716e+00, 6.385e+02, 3.903e-02, 5.139e-01]
67000 [2.132e-01, 9.585e+00, 1.091e+01, 5.047e-01, 1.009e-01, 6.746e+00, 5.944e+02, 3.907e-02, 5.152e-01]
68000 [2.102e-01, 9.543e+00, 1.088e+01, 5.076e-01, 9.993e-02, 6.777e+00, 5.427e+02, 3.911e-02, 5.167e-01]
69000 [2.070e-01, 9.494e+00, 1.084e+01, 5.017e-01, 9.909e-02, 6.811e+00, 4.868e+02, 3.914e-02, 5.184e-01]
70000 [2.045e-01, 9.457e+00, 1.081e+01, 5.034e-01, 9.934e-02, 6.846e+00, 4.382e+02, 3.917e-02, 5.203e-01]
71000 [2.017e-01, 9.413e+00, 1.077e+01, 4.981e-01, 9.894e-02, 6.880e+00, 3.860e+02, 3.919e-02, 5.223e-01]
72000 [1.992e-01, 9.371e+00, 1.073e+01, 4.964e-01, 9.749e-02, 6.906e+00, 3.407e+02, 3.922e-02, 5.246e-01]
73000 [1.965e-01, 9.326e+00, 1.070e+01, 4.954e-01, 9.461e-02, 6.931e+00, 2.967e+02, 3.924e-02, 5.274e-01]
74000 [1.873e-01, 9.016e+00, 1.037e+01, 4.366e-01, 8.232e-02, 6.861e+00, 2.189e+02, 3.929e-02, 5.299e-01]
75000 [1.872e-01, 9.018e+00, 1.037e+01, 4.536e-01, 7.759e-02, 6.871e+00, 2.181e+02, 3.935e-02, 5.308e-01]
76000 [1.872e-01, 9.019e+00, 1.037e+01, 4.680e-01, 7.505e-02, 6.889e+00, 2.175e+02, 3.938e-02, 5.319e-01]
77000 [1.872e-01, 9.020e+00, 1.037e+01, 4.768e-01, 7.422e-02, 6.903e+00, 2.170e+02, 3.941e-02, 5.335e-01]
78000 [1.862e-01, 9.016e+00, 1.037e+01, 4.787e-01, 7.425e-02, 6.908e+00, 2.150e+02, 3.945e-02, 5.362e-01]
79000 [1.848e-01, 9.005e+00, 1.036e+01, 4.783e-01, 7.331e-02, 6.906e+00, 2.102e+02, 3.950e-02, 5.401e-01]
80000 [1.835e-01, 8.988e+00, 1.035e+01, 4.795e-01, 7.064e-02, 6.900e+00, 2.039e+02, 3.955e-02, 5.446e-01]
81000 [1.817e-01, 8.960e+00, 1.032e+01, 4.744e-01, 6.566e-02, 6.875e+00, 1.948e+02, 3.958e-02, 5.493e-01]
82000 [1.798e-01, 8.926e+00, 1.030e+01, 4.716e-01, 5.902e-02, 6.837e+00, 1.852e+02, 3.960e-02, 5.539e-01]
83000 [1.777e-01, 8.884e+00, 1.026e+01, 4.638e-01, 5.208e-02, 6.791e+00, 1.733e+02, 3.961e-02, 5.582e-01]
84000 [1.756e-01, 8.840e+00, 1.022e+01, 4.508e-01, 4.584e-02, 6.742e+00, 1.565e+02, 3.961e-02, 5.615e-01]
85000 [1.735e-01, 8.793e+00, 1.018e+01, 4.444e-01, 4.076e-02, 6.710e+00, 1.434e+02, 3.963e-02, 5.645e-01]
86000 [1.720e-01, 8.758e+00, 1.016e+01, 4.655e-01, 3.691e-02, 6.731e+00, 1.283e+02, 3.969e-02, 5.667e-01]
87000 [1.703e-01, 8.716e+00, 1.013e+01, 4.595e-01, 3.375e-02, 6.707e+00, 1.147e+02, 3.970e-02, 5.705e-01]
88000 [1.653e-01, 8.607e+00, 1.003e+01, 4.365e-01, 2.795e-02, 6.612e+00, 9.188e+01, 3.977e-02, 5.753e-01]
89000 [1.652e-01, 8.605e+00, 1.003e+01, 4.575e-01, 2.672e-02, 6.616e+00, 9.167e+01, 3.977e-02, 5.791e-01]
90000 [1.645e-01, 8.587e+00, 1.003e+01, 4.668e-01, 2.546e-02, 6.604e+00, 9.142e+01, 3.974e-02, 5.851e-01]
91000 [1.636e-01, 8.560e+00, 1.001e+01, 4.659e-01, 2.355e-02, 6.575e+00, 8.915e+01, 3.972e-02, 5.918e-01]
92000 [1.626e-01, 8.528e+00, 9.985e+00, 4.620e-01, 2.144e-02, 6.541e+00, 8.557e+01, 3.970e-02, 5.971e-01]
93000 [1.616e-01, 8.496e+00, 9.962e+00, 4.597e-01, 1.946e-02, 6.511e+00, 8.152e+01, 3.967e-02, 6.024e-01]
94000 [1.606e-01, 8.464e+00, 9.941e+00, 4.579e-01, 1.768e-02, 6.483e+00, 7.673e+01, 3.963e-02, 6.091e-01]
95000 [1.595e-01, 8.431e+00, 9.919e+00, 4.543e-01, 1.600e-02, 6.452e+00, 7.143e+01, 3.956e-02, 6.163e-01]
96000 [1.538e-01, 8.326e+00, 9.812e+00, 4.738e-01, 1.285e-02, 6.436e+00, 5.558e+01, 3.966e-02, 6.179e-01]
97000 [1.538e-01, 8.320e+00, 9.813e+00, 4.866e-01, 1.264e-02, 6.446e+00, 5.535e+01, 3.960e-02, 6.201e-01]
98000 [1.529e-01, 8.292e+00, 9.800e+00, 4.651e-01, 1.186e-02, 6.430e+00, 5.455e+01, 3.950e-02, 6.242e-01]
99000 [1.521e-01, 8.265e+00, 9.785e+00, 4.891e-01, 9.274e-03, 6.462e+00, 4.945e+01, 3.960e-02, 6.267e-01]
100000 [1.512e-01, 8.240e+00, 9.769e+00, 5.031e-01, 9.238e-03, 6.557e+00, 4.659e+01, 3.939e-02, 6.333e-01]
101000 [1.503e-01, 8.212e+00, 9.751e+00, 5.011e-01, 9.477e-03, 6.653e+00, 4.252e+01, 3.903e-02, 6.411e-01]
102000 [1.494e-01, 8.187e+00, 9.736e+00, 4.980e-01, 9.715e-03, 6.737e+00, 3.766e+01, 3.845e-02, 6.458e-01]
103000 [1.486e-01, 8.162e+00, 9.720e+00, 4.991e-01, 1.013e-02, 6.830e+00, 3.385e+01, 3.755e-02, 6.490e-01]
104000 [1.432e-01, 8.036e+00, 9.588e+00, 4.706e-01, 9.000e-03, 6.859e+00, 2.857e+01, 3.704e-02, 6.465e-01]
105000 [1.432e-01, 8.034e+00, 9.590e+00, 4.914e-01, 8.809e-03, 6.930e+00, 2.856e+01, 3.656e-02, 6.426e-01]
106000 [1.433e-01, 8.027e+00, 9.592e+00, 4.931e-01, 9.155e-03, 7.004e+00, 2.863e+01, 3.576e-02, 6.368e-01]
107000 [1.429e-01, 8.006e+00, 9.583e+00, 4.869e-01, 9.608e-03, 7.069e+00, 2.866e+01, 3.452e-02, 6.327e-01]
108000 [1.422e-01, 7.982e+00, 9.570e+00, 4.706e-01, 9.429e-03, 7.063e+00, 2.917e+01, 3.301e-02, 6.356e-01]
109000 [1.414e-01, 7.956e+00, 9.559e+00, 4.739e-01, 6.759e-03, 7.065e+00, 2.629e+01, 3.178e-02, 6.374e-01]
110000 [1.408e-01, 7.933e+00, 9.547e+00, 4.874e-01, 6.544e-03, 7.135e+00, 2.718e+01, 3.015e-02, 6.362e-01]
111000 [1.402e-01, 7.912e+00, 9.537e+00, 4.884e-01, 6.711e-03, 7.224e+00, 2.712e+01, 2.848e-02, 6.372e-01]
112000 [1.396e-01, 7.888e+00, 9.525e+00, 4.879e-01, 6.902e-03, 7.308e+00, 2.639e+01, 2.698e-02, 6.355e-01]
113000 [1.367e-01, 7.822e+00, 9.469e+00, 4.765e-01, 6.079e-03, 7.309e+00, 2.328e+01, 2.584e-02, 6.320e-01]
114000 [1.368e-01, 7.815e+00, 9.472e+00, 4.846e-01, 5.948e-03, 7.340e+00, 2.442e+01, 2.435e-02, 6.233e-01]
115000 [1.364e-01, 7.795e+00, 9.463e+00, 4.844e-01, 6.032e-03, 7.390e+00, 2.511e+01, 2.261e-02, 6.197e-01]
116000 [1.360e-01, 7.772e+00, 9.453e+00, 4.821e-01, 6.234e-03, 7.454e+00, 2.584e+01, 2.072e-02, 6.201e-01]
117000 [1.355e-01, 7.749e+00, 9.443e+00, 4.762e-01, 6.294e-03, 7.497e+00, 2.659e+01, 1.896e-02, 6.217e-01]
118000 [1.350e-01, 7.723e+00, 9.431e+00, 4.638e-01, 6.079e-03, 7.507e+00, 2.739e+01, 1.741e-02, 6.240e-01]
119000 [1.346e-01, 7.701e+00, 9.424e+00, 4.604e-01, 5.519e-03, 7.482e+00, 2.916e+01, 1.609e-02, 6.292e-01]
120000 [1.339e-01, 7.676e+00, 9.412e+00, 4.561e-01, 4.947e-03, 7.448e+00, 2.988e+01, 1.503e-02, 6.344e-01]
121000 [1.336e-01, 7.653e+00, 9.405e+00, 4.571e-01, 4.351e-03, 7.407e+00, 3.116e+01, 1.396e-02, 6.433e-01]
122000 [1.324e-01, 7.617e+00, 9.379e+00, 4.731e-01, 3.397e-03, 7.423e+00, 2.845e+01, 1.323e-02, 6.428e-01]
123000 [1.322e-01, 7.604e+00, 9.378e+00, 4.839e-01, 3.505e-03, 7.526e+00, 2.881e+01, 1.246e-02, 6.420e-01]
124000 [1.318e-01, 7.582e+00, 9.372e+00, 4.829e-01, 3.683e-03, 7.623e+00, 2.829e+01, 1.142e-02, 6.438e-01]
125000 [1.314e-01, 7.557e+00, 9.361e+00, 4.816e-01, 3.850e-03, 7.708e+00, 2.757e+01, 1.025e-02, 6.442e-01]
126000 [1.310e-01, 7.535e+00, 9.354e+00, 4.791e-01, 3.993e-03, 7.783e+00, 2.688e+01, 9.094e-03, 6.458e-01]
127000 [1.283e-01, 7.483e+00, 9.312e+00, 4.522e-01, 3.576e-03, 7.793e+00, 2.405e+01, 8.290e-03, 6.456e-01]
128000 [1.284e-01, 7.479e+00, 9.316e+00, 4.758e-01, 3.469e-03, 7.845e+00, 2.450e+01, 7.779e-03, 6.418e-01]
129000 [1.283e-01, 7.467e+00, 9.317e+00, 4.739e-01, 3.552e-03, 7.870e+00, 2.540e+01, 7.081e-03, 6.395e-01]
130000 [1.280e-01, 7.450e+00, 9.315e+00, 4.644e-01, 3.362e-03, 7.856e+00, 2.671e+01, 6.280e-03, 6.434e-01]
131000 [1.278e-01, 7.430e+00, 9.312e+00, 4.646e-01, 3.040e-03, 7.830e+00, 2.849e+01, 5.562e-03, 6.545e-01]
132000 [1.275e-01, 7.409e+00, 9.309e+00, 4.663e-01, 2.730e-03, 7.797e+00, 2.992e+01, 4.963e-03, 6.656e-01]
133000 [1.268e-01, 7.376e+00, 9.292e+00, 4.510e-01, 2.277e-03, 7.758e+00, 2.731e+01, 4.517e-03, 6.714e-01]
134000 [1.267e-01, 7.364e+00, 9.295e+00, 4.709e-01, 2.038e-03, 7.803e+00, 2.824e+01, 4.082e-03, 6.736e-01]
135000 [1.263e-01, 7.344e+00, 9.290e+00, 4.746e-01, 1.967e-03, 7.857e+00, 2.791e+01, 3.615e-03, 6.757e-01]
136000 [1.259e-01, 7.323e+00, 9.284e+00, 4.746e-01, 1.919e-03, 7.913e+00, 2.746e+01, 3.173e-03, 6.775e-01]
137000 [1.256e-01, 7.302e+00, 9.278e+00, 4.732e-01, 1.883e-03, 7.973e+00, 2.740e+01, 2.786e-03, 6.817e-01]
138000 [1.252e-01, 7.280e+00, 9.271e+00, 4.701e-01, 1.860e-03, 8.031e+00, 2.734e+01, 2.444e-03, 6.890e-01]
139000 [1.223e-01, 7.243e+00, 9.233e+00, 4.460e-01, 1.550e-03, 8.032e+00, 2.452e+01, 2.236e-03, 6.890e-01]
140000 [1.223e-01, 7.237e+00, 9.233e+00, 4.658e-01, 1.466e-03, 8.087e+00, 2.482e+01, 2.071e-03, 6.790e-01]
141000 [1.222e-01, 7.227e+00, 9.235e+00, 4.644e-01, 1.502e-03, 8.127e+00, 2.533e+01, 1.849e-03, 6.712e-01]
142000 [1.219e-01, 7.209e+00, 9.230e+00, 4.602e-01, 1.526e-03, 8.163e+00, 2.603e+01, 1.596e-03, 6.629e-01]
143000 [1.216e-01, 7.187e+00, 9.223e+00, 4.556e-01, 1.514e-03, 8.192e+00, 2.688e+01, 1.359e-03, 6.560e-01]
144000 [1.214e-01, 7.164e+00, 9.217e+00, 4.522e-01, 1.478e-03, 8.210e+00, 2.790e+01, 1.172e-03, 6.558e-01]
145000 [1.212e-01, 7.140e+00, 9.210e+00, 4.487e-01, 1.395e-03, 8.211e+00, 2.859e+01, 1.027e-03, 6.601e-01]
146000 [1.209e-01, 7.117e+00, 9.205e+00, 4.464e-01, 1.287e-03, 8.192e+00, 2.853e+01, 9.024e-04, 6.667e-01]
147000 [1.206e-01, 7.096e+00, 9.203e+00, 4.452e-01, 1.168e-03, 8.173e+00, 2.949e+01, 7.980e-04, 6.758e-01]
148000 [1.201e-01, 7.072e+00, 9.195e+00, 4.452e-01, 1.037e-03, 8.151e+00, 3.021e+01, 7.132e-04, 6.854e-01]
149000 [1.198e-01, 7.047e+00, 9.191e+00, 4.423e-01, 9.298e-04, 8.127e+00, 3.088e+01, 6.412e-04, 6.973e-01]
150000 [1.197e-01, 7.030e+00, 9.193e+00, 4.473e-01, 8.464e-04, 8.109e+00, 3.294e+01, 5.825e-04, 7.092e-01]
151000 [1.194e-01, 7.007e+00, 9.188e+00, 4.485e-01, 7.510e-04, 8.089e+00, 3.413e+01, 5.326e-04, 7.220e-01]
152000 [1.169e-01, 6.955e+00, 9.137e+00, 4.416e-01, 5.960e-04, 8.044e+00, 2.993e+01, 5.038e-04, 7.282e-01]
153000 [1.170e-01, 6.951e+00, 9.141e+00, 4.514e-01, 5.722e-04, 8.050e+00, 3.001e+01, 4.766e-04, 7.260e-01]
154000 [1.169e-01, 6.941e+00, 9.142e+00, 4.514e-01, 5.364e-04, 8.024e+00, 3.035e+01, 4.393e-04, 7.241e-01]
155000 [1.166e-01, 6.926e+00, 9.138e+00, 4.568e-01, 5.007e-04, 7.988e+00, 3.093e+01, 3.960e-04, 7.253e-01]
156000 [1.164e-01, 6.908e+00, 9.137e+00, 4.629e-01, 4.411e-04, 7.945e+00, 3.160e+01, 3.533e-04, 7.312e-01]
157000 [1.162e-01, 6.887e+00, 9.131e+00, 4.722e-01, 3.695e-04, 7.972e+00, 2.972e+01, 3.171e-04, 7.326e-01]
158000 [1.159e-01, 6.866e+00, 9.128e+00, 4.771e-01, 3.815e-04, 8.058e+00, 2.975e+01, 2.801e-04, 7.366e-01]
159000 [1.156e-01, 6.845e+00, 9.123e+00, 4.755e-01, 3.934e-04, 8.130e+00, 2.993e+01, 2.463e-04, 7.390e-01]
160000 [1.154e-01, 6.825e+00, 9.120e+00, 4.731e-01, 4.053e-04, 8.190e+00, 2.993e+01, 2.172e-04, 7.422e-01]
161000 [1.151e-01, 6.802e+00, 9.116e+00, 4.649e-01, 4.053e-04, 8.225e+00, 2.945e+01, 1.918e-04, 7.461e-01]
162000 [1.150e-01, 6.782e+00, 9.117e+00, 4.559e-01, 3.934e-04, 8.231e+00, 3.008e+01, 1.696e-04, 7.518e-01]
163000 [1.148e-01, 6.760e+00, 9.114e+00, 4.505e-01, 3.695e-04, 8.216e+00, 3.095e+01, 1.511e-04, 7.601e-01]
164000 [1.145e-01, 6.737e+00, 9.111e+00, 4.484e-01, 3.338e-04, 8.196e+00, 3.164e+01, 1.358e-04, 7.690e-01]
165000 [1.144e-01, 6.716e+00, 9.111e+00, 4.502e-01, 2.980e-04, 8.176e+00, 3.281e+01, 1.230e-04, 7.788e-01]
166000 [1.124e-01, 6.679e+00, 9.069e+00, 4.476e-01, 2.384e-04, 8.149e+00, 2.814e+01, 1.170e-04, 7.652e-01]
167000 [1.124e-01, 6.674e+00, 9.075e+00, 4.597e-01, 2.265e-04, 8.178e+00, 2.880e+01, 1.083e-04, 7.571e-01]
168000 [1.124e-01, 6.663e+00, 9.079e+00, 4.614e-01, 2.265e-04, 8.210e+00, 2.978e+01, 9.872e-05, 7.530e-01]
169000 [1.123e-01, 6.645e+00, 9.079e+00, 4.612e-01, 2.146e-04, 8.247e+00, 3.056e+01, 8.939e-05, 7.500e-01]
170000 [1.118e-01, 6.615e+00, 9.072e+00, 3.983e-01, 1.550e-04, 8.226e+00, 2.454e+01, 8.545e-05, 7.434e-01]
171000 [1.118e-01, 6.599e+00, 9.070e+00, 4.411e-01, 1.311e-04, 8.245e+00, 2.496e+01, 7.707e-05, 7.383e-01]
172000 [1.117e-01, 6.581e+00, 9.067e+00, 4.498e-01, 1.192e-04, 8.253e+00, 2.626e+01, 6.926e-05, 7.354e-01]
173000 [1.117e-01, 6.560e+00, 9.065e+00, 4.526e-01, 1.192e-04, 8.263e+00, 2.794e+01, 6.257e-05, 7.359e-01]
174000 [1.116e-01, 6.540e+00, 9.063e+00, 4.527e-01, 1.073e-04, 8.274e+00, 2.968e+01, 5.720e-05, 7.397e-01]
175000 [1.114e-01, 6.520e+00, 9.062e+00, 4.516e-01, 1.073e-04, 8.286e+00, 3.095e+01, 5.282e-05, 7.453e-01]
176000 [1.112e-01, 6.499e+00, 9.058e+00, 4.497e-01, 9.537e-05, 8.298e+00, 3.163e+01, 4.910e-05, 7.509e-01]
177000 [1.112e-01, 6.480e+00, 9.060e+00, 4.483e-01, 9.537e-05, 8.310e+00, 3.230e+01, 4.576e-05, 7.581e-01]
178000 [1.111e-01, 6.459e+00, 9.060e+00, 4.465e-01, 9.537e-05, 8.319e+00, 3.284e+01, 4.286e-05, 7.649e-01]
179000 [1.110e-01, 6.436e+00, 9.058e+00, 4.449e-01, 8.663e-05, 8.324e+00, 3.314e+01, 4.031e-05, 7.712e-01]
180000 [1.103e-01, 6.409e+00, 9.047e+00, 4.485e-01, 7.752e-05, 8.342e+00, 3.009e+01, 3.828e-05, 7.700e-01]
181000 [1.104e-01, 6.395e+00, 9.051e+00, 4.449e-01, 7.494e-05, 8.343e+00, 3.228e+01, 3.606e-05, 7.746e-01]
182000 [1.103e-01, 6.374e+00, 9.052e+00, 4.396e-01, 7.177e-05, 8.337e+00, 3.372e+01, 3.412e-05, 7.835e-01]
183000 [1.102e-01, 6.354e+00, 9.055e+00, 4.364e-01, 6.843e-05, 8.332e+00, 3.476e+01, 3.245e-05, 7.929e-01]
184000 [1.102e-01, 6.334e+00, 9.059e+00, 4.373e-01, 6.500e-05, 8.329e+00, 3.592e+01, 3.100e-05, 8.028e-01]
185000 [1.100e-01, 6.313e+00, 9.059e+00, 4.656e-01, 6.071e-05, 8.364e+00, 3.470e+01, 2.974e-05, 8.101e-01]
186000 [1.100e-01, 6.294e+00, 9.062e+00, 4.710e-01, 5.987e-05, 8.438e+00, 3.457e+01, 2.845e-05, 8.184e-01]
187000 [1.098e-01, 6.273e+00, 9.063e+00, 4.668e-01, 5.926e-05, 8.497e+00, 3.440e+01, 2.718e-05, 8.263e-01]
188000 [1.098e-01, 6.254e+00, 9.066e+00, 4.614e-01, 5.829e-05, 8.545e+00, 3.456e+01, 2.599e-05, 8.351e-01]
189000 [1.026e-01, 6.078e+00, 8.872e+00, 4.056e-01, 5.199e-05, 8.554e+00, 3.269e+01, 2.510e-05, 8.327e-01]
190000 [1.026e-01, 6.073e+00, 8.881e+00, 4.264e-01, 5.034e-05, 8.557e+00, 3.269e+01, 2.510e-05, 8.326e-01]
191000 [1.028e-01, 6.063e+00, 8.890e+00, 4.304e-01, 4.966e-05, 8.557e+00, 3.269e+01, 2.509e-05, 8.325e-01]
192000 [1.027e-01, 6.044e+00, 8.891e+00, 4.296e-01, 4.904e-05, 8.556e+00, 3.269e+01, 2.507e-05, 8.324e-01]
193000 [1.026e-01, 6.021e+00, 8.888e+00, 4.287e-01, 4.818e-05, 8.556e+00, 3.269e+01, 2.504e-05, 8.322e-01]
194000 [1.025e-01, 5.998e+00, 8.885e+00, 4.299e-01, 4.696e-05, 8.554e+00, 3.269e+01, 2.499e-05, 8.320e-01]
195000 [1.022e-01, 5.973e+00, 8.881e+00, 4.320e-01, 4.547e-05, 8.553e+00, 3.269e+01, 2.491e-05, 8.318e-01]
196000 [1.021e-01, 5.949e+00, 8.880e+00, 4.344e-01, 4.382e-05, 8.550e+00, 3.269e+01, 2.479e-05, 8.316e-01]
197000 [1.019e-01, 5.926e+00, 8.879e+00, 4.380e-01, 4.212e-05, 8.548e+00, 3.268e+01, 2.460e-05, 8.316e-01]
198000 [1.017e-01, 5.903e+00, 8.879e+00, 4.392e-01, 4.044e-05, 8.545e+00, 3.268e+01, 2.430e-05, 8.318e-01]
199000 [1.015e-01, 5.880e+00, 8.881e+00, 4.419e-01, 3.884e-05, 8.541e+00, 3.269e+01, 2.387e-05, 8.323e-01]
200000 [1.014e-01, 5.858e+00, 8.884e+00, 4.442e-01, 3.733e-05, 8.535e+00, 3.269e+01, 2.329e-05, 8.331e-01]
201000 [1.011e-01, 5.833e+00, 8.880e+00, 4.436e-01, 3.576e-05, 8.511e+00, 3.268e+01, 2.260e-05, 8.341e-01]
202000 [1.011e-01, 5.814e+00, 8.888e+00, 4.453e-01, 3.454e-05, 8.504e+00, 3.271e+01, 2.180e-05, 8.356e-01]
203000 [1.009e-01, 5.793e+00, 8.892e+00, 4.475e-01, 3.329e-05, 8.496e+00, 3.273e+01, 2.096e-05, 8.383e-01]
204000 [1.009e-01, 5.774e+00, 8.899e+00, 4.509e-01, 3.219e-05, 8.489e+00, 3.281e+01, 2.013e-05, 8.419e-01]
205000 [1.008e-01, 5.751e+00, 8.901e+00, 4.507e-01, 3.113e-05, 8.480e+00, 3.285e+01, 1.935e-05, 8.448e-01]
206000 [1.008e-01, 5.732e+00, 8.909e+00, 4.511e-01, 3.013e-05, 8.472e+00, 3.302e+01, 1.860e-05, 8.494e-01]
207000 [1.005e-01, 5.709e+00, 8.906e+00, 4.645e-01, 2.845e-05, 8.512e+00, 3.249e+01, 1.799e-05, 8.345e-01]
208000 [1.005e-01, 5.688e+00, 8.911e+00, 4.558e-01, 2.801e-05, 8.535e+00, 3.284e+01, 1.736e-05, 8.283e-01]
209000 [1.005e-01, 5.665e+00, 8.917e+00, 4.503e-01, 2.729e-05, 8.525e+00, 3.328e+01, 1.678e-05, 8.294e-01]
210000 [1.003e-01, 5.642e+00, 8.920e+00, 4.485e-01, 2.644e-05, 8.512e+00, 3.285e+01, 1.624e-05, 8.278e-01]
211000 [1.004e-01, 5.623e+00, 8.929e+00, 4.519e-01, 2.573e-05, 8.502e+00, 3.429e+01, 1.573e-05, 8.294e-01]
212000 [1.003e-01, 5.600e+00, 8.936e+00, 4.520e-01, 2.499e-05, 8.490e+00, 3.448e+01, 1.527e-05, 8.334e-01]
213000 [9.866e-02, 5.563e+00, 8.905e+00, 4.033e-01, 2.177e-05, 8.434e+00, 3.055e+01, 1.506e-05, 8.309e-01]
214000 [9.876e-02, 5.551e+00, 8.907e+00, 4.601e-01, 2.067e-05, 8.499e+00, 3.101e+01, 1.469e-05, 8.206e-01]
215000 [9.880e-02, 5.532e+00, 8.908e+00, 4.660e-01, 2.062e-05, 8.551e+00, 3.179e+01, 1.428e-05, 8.086e-01]
216000 [9.873e-02, 5.511e+00, 8.905e+00, 4.630e-01, 2.054e-05, 8.594e+00, 3.255e+01, 1.387e-05, 8.013e-01]
217000 [9.867e-02, 5.491e+00, 8.904e+00, 4.560e-01, 2.040e-05, 8.622e+00, 3.290e+01, 1.347e-05, 8.021e-01]
218000 [9.864e-02, 5.471e+00, 8.907e+00, 4.486e-01, 2.017e-05, 8.635e+00, 3.324e+01, 1.310e-05, 8.046e-01]
219000 [9.861e-02, 5.451e+00, 8.913e+00, 4.442e-01, 1.985e-05, 8.641e+00, 3.392e+01, 1.275e-05, 8.077e-01]
220000 [9.859e-02, 5.431e+00, 8.919e+00, 4.419e-01, 1.949e-05, 8.643e+00, 3.509e+01, 1.242e-05, 8.117e-01]
221000 [9.857e-02, 5.411e+00, 8.926e+00, 4.407e-01, 1.911e-05, 8.645e+00, 3.600e+01, 1.212e-05, 8.163e-01]
222000 [9.856e-02, 5.391e+00, 8.934e+00, 4.401e-01, 1.872e-05, 8.644e+00, 3.675e+01, 1.184e-05, 8.220e-01]
223000 [9.690e-02, 5.353e+00, 8.902e+00, 4.348e-01, 1.786e-05, 8.597e+00, 3.373e+01, 1.159e-05, 8.183e-01]
224000 [9.703e-02, 5.344e+00, 8.910e+00, 4.402e-01, 1.756e-05, 8.590e+00, 3.436e+01, 1.135e-05, 8.171e-01]
225000 [9.703e-02, 5.325e+00, 8.916e+00, 4.402e-01, 1.729e-05, 8.582e+00, 3.483e+01, 1.110e-05, 8.164e-01]
226000 [9.700e-02, 5.305e+00, 8.923e+00, 4.399e-01, 1.702e-05, 8.572e+00, 3.532e+01, 1.085e-05, 8.194e-01]
227000 [9.696e-02, 5.284e+00, 8.930e+00, 4.397e-01, 1.674e-05, 8.563e+00, 3.590e+01, 1.061e-05, 8.251e-01]
228000 [9.697e-02, 5.264e+00, 8.939e+00, 4.397e-01, 1.647e-05, 8.555e+00, 3.662e+01, 1.038e-05, 8.319e-01]
229000 [9.697e-02, 5.244e+00, 8.948e+00, 4.394e-01, 1.621e-05, 8.547e+00, 3.733e+01, 1.016e-05, 8.390e-01]
230000 [9.701e-02, 5.222e+00, 8.955e+00, 4.395e-01, 1.595e-05, 8.539e+00, 3.799e+01, 9.957e-06, 8.461e-01]
231000 [9.705e-02, 5.202e+00, 8.962e+00, 4.393e-01, 1.569e-05, 8.532e+00, 3.907e+01, 9.768e-06, 8.534e-01]
232000 [9.708e-02, 5.181e+00, 8.969e+00, 4.396e-01, 1.543e-05, 8.527e+00, 4.029e+01, 9.597e-06, 8.614e-01]
233000 [9.709e-02, 5.162e+00, 8.976e+00, 4.396e-01, 1.517e-05, 8.522e+00, 4.098e+01, 9.438e-06, 8.705e-01]
234000 [9.714e-02, 5.142e+00, 8.984e+00, 4.397e-01, 1.492e-05, 8.516e+00, 4.124e+01, 9.286e-06, 8.807e-01]
235000 [9.663e-02, 5.119e+00, 8.971e+00, 4.622e-01, 1.458e-05, 8.567e+00, 3.688e+01, 9.128e-06, 8.719e-01]
236000 [9.670e-02, 5.101e+00, 8.977e+00, 4.495e-01, 1.453e-05, 8.603e+00, 3.849e+01, 8.968e-06, 8.767e-01]
237000 [9.672e-02, 5.084e+00, 8.984e+00, 4.572e-01, 1.410e-05, 8.635e+00, 3.746e+01, 8.826e-06, 8.859e-01]
238000 [9.676e-02, 5.064e+00, 8.992e+00, 4.525e-01, 1.399e-05, 8.674e+00, 3.846e+01, 8.682e-06, 8.954e-01]
239000 [9.680e-02, 5.045e+00, 9.002e+00, 4.446e-01, 1.383e-05, 8.679e+00, 3.963e+01, 8.545e-06, 9.065e-01]
240000 [9.683e-02, 5.024e+00, 9.009e+00, 4.414e-01, 1.363e-05, 8.674e+00, 4.005e+01, 8.415e-06, 9.174e-01]
241000 [9.689e-02, 5.005e+00, 9.018e+00, 4.410e-01, 1.342e-05, 8.669e+00, 4.082e+01, 8.290e-06, 9.285e-01]
242000 [9.695e-02, 4.985e+00, 9.025e+00, 4.408e-01, 1.322e-05, 8.662e+00, 4.129e+01, 8.171e-06, 9.410e-01]
243000 [9.701e-02, 4.965e+00, 9.033e+00, 4.415e-01, 1.301e-05, 8.657e+00, 4.189e+01, 8.054e-06, 9.555e-01]
244000 [9.705e-02, 4.946e+00, 9.041e+00, 4.418e-01, 1.282e-05, 8.652e+00, 4.245e+01, 7.941e-06, 9.710e-01]
245000 [9.708e-02, 4.926e+00, 9.047e+00, 4.424e-01, 1.263e-05, 8.647e+00, 4.268e+01, 7.830e-06, 9.865e-01]
246000 [9.714e-02, 4.908e+00, 9.055e+00, 4.431e-01, 1.244e-05, 8.644e+00, 4.357e+01, 7.724e-06, 1.003e+00]
247000 [9.720e-02, 4.889e+00, 9.063e+00, 4.437e-01, 1.226e-05, 8.640e+00, 4.412e+01, 7.621e-06, 1.019e+00]
248000 [9.725e-02, 4.870e+00, 9.070e+00, 4.445e-01, 1.209e-05, 8.637e+00, 4.472e+01, 7.522e-06, 1.034e+00]
249000 [9.731e-02, 4.851e+00, 9.077e+00, 4.449e-01, 1.192e-05, 8.633e+00, 4.514e+01, 7.425e-06, 1.050e+00]
250000 [9.737e-02, 4.832e+00, 9.084e+00, 4.450e-01, 1.176e-05, 8.628e+00, 4.540e+01, 7.332e-06, 1.065e+00]
251000 [9.742e-02, 4.813e+00, 9.091e+00, 4.451e-01, 1.160e-05, 8.621e+00, 4.515e+01, 7.239e-06, 1.080e+00]
252000 [9.747e-02, 4.794e+00, 9.098e+00, 4.455e-01, 1.144e-05, 8.614e+00, 4.495e+01, 7.148e-06, 1.094e+00]
253000 [9.751e-02, 4.775e+00, 9.104e+00, 4.461e-01, 1.128e-05, 8.607e+00, 4.499e+01, 7.057e-06, 1.109e+00]
254000 [9.756e-02, 4.756e+00, 9.111e+00, 4.467e-01, 1.113e-05, 8.600e+00, 4.498e+01, 6.969e-06, 1.124e+00]
255000 [9.758e-02, 4.737e+00, 9.117e+00, 4.473e-01, 1.099e-05, 8.596e+00, 4.529e+01, 6.882e-06, 1.138e+00]
256000 [9.763e-02, 4.719e+00, 9.124e+00, 4.477e-01, 1.085e-05, 8.592e+00, 4.589e+01, 6.797e-06, 1.151e+00]
257000 [9.767e-02, 4.700e+00, 9.131e+00, 4.476e-01, 1.071e-05, 8.589e+00, 4.620e+01, 6.715e-06, 1.163e+00]
258000 [9.769e-02, 4.681e+00, 9.136e+00, 4.512e-01, 1.056e-05, 8.586e+00, 4.662e+01, 6.637e-06, 1.174e+00]
259000 [9.775e-02, 4.664e+00, 9.142e+00, 4.547e-01, 1.042e-05, 8.587e+00, 4.759e+01, 6.562e-06, 1.187e+00]
260000 [9.689e-02, 4.636e+00, 9.133e+00, 4.398e-01, 9.876e-06, 8.571e+00, 3.944e+01, 6.501e-06, 1.170e+00]
261000 [9.700e-02, 4.627e+00, 9.136e+00, 4.409e-01, 9.811e-06, 8.575e+00, 4.103e+01, 6.410e-06, 1.157e+00]
262000 [9.704e-02, 4.611e+00, 9.139e+00, 4.392e-01, 9.723e-06, 8.564e+00, 4.256e+01, 6.329e-06, 1.159e+00]
263000 [9.711e-02, 4.583e+00, 9.126e+00, 4.169e-01, 8.884e-06, 8.540e+00, 3.338e+01, 6.279e-06, 1.165e+00]
264000 [9.706e-02, 4.572e+00, 9.133e+00, 4.533e-01, 8.659e-06, 8.582e+00, 3.419e+01, 6.171e-06, 1.166e+00]
265000 [9.702e-02, 4.557e+00, 9.137e+00, 4.610e-01, 8.579e-06, 8.627e+00, 3.508e+01, 6.072e-06, 1.170e+00]
266000 [9.687e-02, 4.536e+00, 9.133e+00, 4.595e-01, 8.520e-06, 8.662e+00, 3.391e+01, 5.980e-06, 1.173e+00]
267000 [9.698e-02, 4.525e+00, 9.141e+00, 4.578e-01, 8.492e-06, 8.695e+00, 3.492e+01, 5.886e-06, 1.164e+00]
268000 [9.698e-02, 4.510e+00, 9.146e+00, 4.538e-01, 8.456e-06, 8.722e+00, 3.499e+01, 5.798e-06, 1.161e+00]
269000 [9.696e-02, 4.494e+00, 9.151e+00, 4.503e-01, 8.413e-06, 8.743e+00, 3.500e+01, 5.712e-06, 1.157e+00]
270000 [9.695e-02, 4.479e+00, 9.156e+00, 4.468e-01, 8.360e-06, 8.759e+00, 3.527e+01, 5.629e-06, 1.156e+00]
271000 [9.695e-02, 4.463e+00, 9.161e+00, 4.437e-01, 8.297e-06, 8.770e+00, 3.592e+01, 5.550e-06, 1.156e+00]
272000 [9.697e-02, 4.446e+00, 9.165e+00, 4.420e-01, 8.226e-06, 8.778e+00, 3.638e+01, 5.474e-06, 1.156e+00]
273000 [9.701e-02, 4.429e+00, 9.170e+00, 4.418e-01, 8.149e-06, 8.782e+00, 3.683e+01, 5.401e-06, 1.157e+00]
274000 [9.700e-02, 4.412e+00, 9.173e+00, 4.426e-01, 8.068e-06, 8.783e+00, 3.728e+01, 5.331e-06, 1.158e+00]
275000 [9.705e-02, 4.395e+00, 9.178e+00, 4.433e-01, 7.990e-06, 8.785e+00, 3.801e+01, 5.265e-06, 1.162e+00]
276000 [9.706e-02, 4.379e+00, 9.183e+00, 4.429e-01, 7.912e-06, 8.787e+00, 3.853e+01, 5.203e-06, 1.165e+00]
277000 [9.709e-02, 4.363e+00, 9.188e+00, 4.423e-01, 7.836e-06, 8.788e+00, 3.915e+01, 5.144e-06, 1.169e+00]
278000 [9.709e-02, 4.346e+00, 9.193e+00, 4.419e-01, 7.760e-06, 8.791e+00, 3.968e+01, 5.088e-06, 1.172e+00]
279000 [9.710e-02, 4.330e+00, 9.197e+00, 4.418e-01, 7.683e-06, 8.792e+00, 3.989e+01, 5.033e-06, 1.176e+00]
280000 [9.711e-02, 4.314e+00, 9.202e+00, 4.419e-01, 7.606e-06, 8.794e+00, 4.013e+01, 4.981e-06, 1.179e+00]
281000 [9.645e-02, 4.288e+00, 9.194e+00, 4.297e-01, 7.143e-06, 8.752e+00, 3.236e+01, 4.957e-06, 1.182e+00]
282000 [9.660e-02, 4.279e+00, 9.200e+00, 4.395e-01, 7.086e-06, 8.771e+00, 3.362e+01, 4.889e-06, 1.177e+00]
283000 [9.668e-02, 4.265e+00, 9.201e+00, 4.423e-01, 7.034e-06, 8.783e+00, 3.559e+01, 4.826e-06, 1.177e+00]
284000 [9.672e-02, 4.250e+00, 9.203e+00, 4.436e-01, 6.981e-06, 8.795e+00, 3.684e+01, 4.771e-06, 1.180e+00]
285000 [9.674e-02, 4.235e+00, 9.204e+00, 4.461e-01, 6.928e-06, 8.811e+00, 3.743e+01, 4.720e-06, 1.180e+00]
286000 [9.670e-02, 4.218e+00, 9.206e+00, 4.457e-01, 6.874e-06, 8.821e+00, 3.759e+01, 4.671e-06, 1.179e+00]
287000 [9.670e-02, 4.204e+00, 9.210e+00, 4.455e-01, 6.821e-06, 8.832e+00, 3.763e+01, 4.623e-06, 1.176e+00]
288000 [9.667e-02, 4.191e+00, 9.214e+00, 4.446e-01, 6.768e-06, 8.844e+00, 3.790e+01, 4.577e-06, 1.173e+00]
289000 [9.533e-02, 4.163e+00, 9.203e+00, 4.377e-01, 6.669e-06, 8.791e+00, 3.084e+01, 4.533e-06, 1.149e+00]
290000 [9.559e-02, 4.152e+00, 9.212e+00, 4.390e-01, 6.642e-06, 8.782e+00, 3.202e+01, 4.468e-06, 1.098e+00]
291000 [9.573e-02, 4.140e+00, 9.216e+00, 4.391e-01, 6.613e-06, 8.771e+00, 3.447e+01, 4.411e-06, 1.059e+00]
292000 [9.578e-02, 4.122e+00, 9.217e+00, 4.381e-01, 6.580e-06, 8.757e+00, 3.676e+01, 4.362e-06, 1.033e+00]
293000 [9.586e-02, 4.106e+00, 9.220e+00, 4.367e-01, 6.543e-06, 8.739e+00, 3.778e+01, 4.318e-06, 1.019e+00]
294000 [9.588e-02, 4.088e+00, 9.223e+00, 4.367e-01, 6.502e-06, 8.720e+00, 3.893e+01, 4.276e-06, 1.010e+00]
295000 [9.450e-02, 4.060e+00, 9.198e+00, 4.281e-01, 6.353e-06, 8.674e+00, 3.507e+01, 4.242e-06, 9.984e-01]
296000 [9.470e-02, 4.052e+00, 9.206e+00, 4.531e-01, 6.322e-06, 8.708e+00, 3.531e+01, 4.200e-06, 9.713e-01]
297000 [9.481e-02, 4.041e+00, 9.213e+00, 4.446e-01, 6.310e-06, 8.707e+00, 3.616e+01, 4.158e-06, 9.414e-01]
298000 [9.476e-02, 4.023e+00, 9.215e+00, 4.044e-01, 6.132e-06, 8.688e+00, 3.207e+01, 4.129e-06, 9.177e-01]
299000 [9.479e-02, 4.010e+00, 9.222e+00, 4.517e-01, 6.026e-06, 8.727e+00, 3.223e+01, 4.088e-06, 9.029e-01]
300000 [9.480e-02, 3.997e+00, 9.227e+00, 4.518e-01, 6.005e-06, 8.758e+00, 3.303e+01, 4.045e-06, 8.921e-01]
301000 [9.471e-02, 3.984e+00, 9.235e+00, 4.604e-01, 5.955e-06, 8.789e+00, 3.271e+01, 4.005e-06, 8.867e-01]
302000 [9.472e-02, 3.971e+00, 9.243e+00, 4.638e-01, 5.938e-06, 8.842e+00, 3.337e+01, 3.965e-06, 8.842e-01]
303000 [9.477e-02, 3.956e+00, 9.247e+00, 4.554e-01, 5.920e-06, 8.877e+00, 3.391e+01, 3.927e-06, 8.880e-01]
304000 [9.483e-02, 3.940e+00, 9.252e+00, 4.458e-01, 5.897e-06, 8.894e+00, 3.485e+01, 3.890e-06, 8.970e-01]
305000 [9.492e-02, 3.924e+00, 9.258e+00, 4.389e-01, 5.866e-06, 8.904e+00, 3.597e+01, 3.854e-06, 9.103e-01]
306000 [9.499e-02, 3.908e+00, 9.264e+00, 4.352e-01, 5.829e-06, 8.908e+00, 3.662e+01, 3.821e-06, 9.251e-01]
307000 [9.314e-02, 3.882e+00, 9.289e+00, 4.270e-01, 5.688e-06, 8.835e+00, 3.147e+01, 3.779e-06, 9.113e-01]
308000 [9.328e-02, 3.873e+00, 9.295e+00, 4.357e-01, 5.648e-06, 8.822e+00, 3.176e+01, 3.742e-06, 8.922e-01]
309000 [9.335e-02, 3.859e+00, 9.295e+00, 4.382e-01, 5.617e-06, 8.804e+00, 3.218e+01, 3.707e-06, 8.780e-01]
310000 [9.333e-02, 3.845e+00, 9.294e+00, 4.594e-01, 5.578e-06, 8.839e+00, 3.240e+01, 3.673e-06, 8.642e-01]
311000 [9.336e-02, 3.827e+00, 9.297e+00, 4.412e-01, 5.567e-06, 8.851e+00, 3.328e+01, 3.639e-06, 8.595e-01]
312000 [9.336e-02, 3.810e+00, 9.300e+00, 4.384e-01, 5.538e-06, 8.844e+00, 3.413e+01, 3.605e-06, 8.575e-01]
313000 [9.341e-02, 3.795e+00, 9.307e+00, 4.392e-01, 5.506e-06, 8.836e+00, 3.525e+01, 3.574e-06, 8.561e-01]
314000 [9.341e-02, 3.778e+00, 9.310e+00, 4.551e-01, 5.455e-06, 8.888e+00, 3.402e+01, 3.545e-06, 8.529e-01]
315000 [9.347e-02, 3.761e+00, 9.315e+00, 4.440e-01, 5.438e-06, 8.903e+00, 3.519e+01, 3.514e-06, 8.523e-01]
316000 [9.353e-02, 3.746e+00, 9.321e+00, 4.406e-01, 5.408e-06, 8.898e+00, 3.652e+01, 3.484e-06, 8.554e-01]
317000 [9.358e-02, 3.731e+00, 9.328e+00, 4.407e-01, 5.376e-06, 8.892e+00, 3.755e+01, 3.458e-06, 8.584e-01]
318000 [9.365e-02, 3.715e+00, 9.334e+00, 4.396e-01, 5.340e-06, 8.889e+00, 3.815e+01, 3.433e-06, 8.621e-01]
319000 [9.369e-02, 3.700e+00, 9.339e+00, 4.404e-01, 5.307e-06, 8.884e+00, 3.867e+01, 3.409e-06, 8.648e-01]
320000 [9.247e-02, 3.670e+00, 9.303e+00, 3.637e-01, 5.078e-06, 8.853e+00, 2.985e+01, 3.393e-06, 8.595e-01]
321000 [9.263e-02, 3.664e+00, 9.312e+00, 4.325e-01, 4.899e-06, 8.891e+00, 2.968e+01, 3.367e-06, 8.466e-01]
322000 [9.278e-02, 3.651e+00, 9.315e+00, 4.490e-01, 4.849e-06, 8.927e+00, 3.079e+01, 3.334e-06, 8.317e-01]
323000 [9.269e-02, 3.637e+00, 9.319e+00, 4.552e-01, 4.822e-06, 8.961e+00, 3.121e+01, 3.304e-06, 8.197e-01]
324000 [9.262e-02, 3.622e+00, 9.322e+00, 4.582e-01, 4.803e-06, 8.996e+00, 3.129e+01, 3.275e-06, 8.150e-01]
325000 [9.263e-02, 3.607e+00, 9.325e+00, 4.592e-01, 4.787e-06, 9.033e+00, 3.146e+01, 3.247e-06, 8.134e-01]
326000 [9.250e-02, 3.588e+00, 9.331e+00, 4.543e-01, 4.768e-06, 9.059e+00, 2.882e+01, 3.218e-06, 8.117e-01]
327000 [9.268e-02, 3.572e+00, 9.334e+00, 4.595e-01, 4.755e-06, 9.096e+00, 3.114e+01, 3.190e-06, 8.065e-01]
328000 [9.276e-02, 3.556e+00, 9.337e+00, 4.585e-01, 4.743e-06, 9.127e+00, 3.189e+01, 3.162e-06, 8.057e-01]
329000 [9.280e-02, 3.541e+00, 9.341e+00, 4.561e-01, 4.729e-06, 9.148e+00, 3.241e+01, 3.137e-06, 8.044e-01]
330000 [9.282e-02, 3.526e+00, 9.346e+00, 4.527e-01, 4.714e-06, 9.161e+00, 3.296e+01, 3.112e-06, 8.032e-01]
331000 [9.283e-02, 3.511e+00, 9.351e+00, 4.472e-01, 4.694e-06, 9.162e+00, 3.341e+01, 3.088e-06, 8.027e-01]
332000 [9.280e-02, 3.497e+00, 9.356e+00, 4.457e-01, 4.673e-06, 9.165e+00, 3.371e+01, 3.064e-06, 8.019e-01]
333000 [9.283e-02, 3.482e+00, 9.362e+00, 4.438e-01, 4.651e-06, 9.163e+00, 3.431e+01, 3.042e-06, 8.014e-01]
334000 [9.285e-02, 3.467e+00, 9.371e+00, 4.407e-01, 4.626e-06, 9.157e+00, 3.425e+01, 3.020e-06, 8.044e-01]
335000 [9.203e-02, 3.446e+00, 9.361e+00, 4.397e-01, 4.530e-06, 9.136e+00, 3.018e+01, 2.998e-06, 7.964e-01]
336000 [9.220e-02, 3.436e+00, 9.370e+00, 4.461e-01, 4.502e-06, 9.161e+00, 3.129e+01, 2.974e-06, 7.936e-01]
337000 [9.231e-02, 3.422e+00, 9.381e+00, 4.476e-01, 4.482e-06, 9.186e+00, 3.168e+01, 2.952e-06, 7.978e-01]
338000 [9.231e-02, 3.406e+00, 9.388e+00, 4.472e-01, 4.461e-06, 9.203e+00, 3.188e+01, 2.931e-06, 8.003e-01]
339000 [9.233e-02, 3.392e+00, 9.395e+00, 4.483e-01, 4.443e-06, 9.221e+00, 3.255e+01, 2.909e-06, 8.033e-01]
340000 [9.238e-02, 3.377e+00, 9.403e+00, 4.455e-01, 4.425e-06, 9.236e+00, 3.339e+01, 2.890e-06, 8.091e-01]
341000 [9.242e-02, 3.361e+00, 9.411e+00, 4.468e-01, 4.405e-06, 9.250e+00, 3.380e+01, 2.871e-06, 8.147e-01]
342000 [9.240e-02, 3.345e+00, 9.416e+00, 4.461e-01, 4.386e-06, 9.265e+00, 3.389e+01, 2.852e-06, 8.197e-01]
343000 [9.252e-02, 3.331e+00, 9.423e+00, 4.448e-01, 4.368e-06, 9.280e+00, 3.501e+01, 2.833e-06, 8.288e-01]
344000 [9.252e-02, 3.316e+00, 9.430e+00, 4.437e-01, 4.348e-06, 9.292e+00, 3.526e+01, 2.814e-06, 8.344e-01]
345000 [9.237e-02, 3.303e+00, 9.436e+00, 4.559e-01, 4.326e-06, 9.335e+00, 3.453e+01, 2.796e-06, 8.368e-01]
346000 [9.250e-02, 3.290e+00, 9.442e+00, 4.516e-01, 4.311e-06, 9.376e+00, 3.544e+01, 2.777e-06, 8.461e-01]
347000 [9.252e-02, 3.276e+00, 9.448e+00, 4.570e-01, 4.293e-06, 9.419e+00, 3.514e+01, 2.759e-06, 8.527e-01]
348000 [9.254e-02, 3.262e+00, 9.454e+00, 4.543e-01, 4.282e-06, 9.462e+00, 3.478e+01, 2.741e-06, 8.615e-01]
349000 [9.245e-02, 3.247e+00, 9.455e+00, 4.509e-01, 4.267e-06, 9.488e+00, 3.359e+01, 2.724e-06, 8.693e-01]
350000 [9.253e-02, 3.234e+00, 9.461e+00, 4.462e-01, 4.251e-06, 9.511e+00, 3.455e+01, 2.706e-06, 8.764e-01]
351000 [9.252e-02, 3.220e+00, 9.466e+00, 4.424e-01, 4.231e-06, 9.520e+00, 3.464e+01, 2.688e-06, 8.821e-01]
352000 [9.166e-02, 3.197e+00, 9.451e+00, 4.453e-01, 4.185e-06, 9.464e+00, 3.080e+01, 2.676e-06, 8.376e-01]
353000 [9.175e-02, 3.188e+00, 9.461e+00, 4.480e-01, 4.170e-06, 9.460e+00, 3.132e+01, 2.657e-06, 8.188e-01]
354000 [9.174e-02, 3.175e+00, 9.462e+00, 4.439e-01, 4.154e-06, 9.443e+00, 3.235e+01, 2.639e-06, 8.136e-01]
355000 [9.178e-02, 3.160e+00, 9.467e+00, 4.440e-01, 4.137e-06, 9.432e+00, 3.409e+01, 2.622e-06, 8.173e-01]
356000 [9.175e-02, 3.145e+00, 9.474e+00, 4.415e-01, 4.120e-06, 9.426e+00, 3.552e+01, 2.606e-06, 8.276e-01]
357000 [9.178e-02, 3.130e+00, 9.481e+00, 4.410e-01, 4.103e-06, 9.417e+00, 3.684e+01, 2.590e-06, 8.404e-01]
358000 [9.180e-02, 3.114e+00, 9.489e+00, 4.465e-01, 4.080e-06, 9.421e+00, 3.664e+01, 2.576e-06, 8.505e-01]
359000 [9.178e-02, 3.099e+00, 9.492e+00, 4.461e-01, 4.070e-06, 9.457e+00, 3.659e+01, 2.561e-06, 8.577e-01]
360000 [9.185e-02, 3.084e+00, 9.499e+00, 4.435e-01, 4.055e-06, 9.459e+00, 3.818e+01, 2.547e-06, 8.658e-01]
361000 [9.066e-02, 3.066e+00, 9.501e+00, 3.718e-01, 3.799e-06, 9.453e+00, 2.716e+01, 2.548e-06, 8.421e-01]
362000 [9.085e-02, 3.059e+00, 9.522e+00, 4.290e-01, 3.729e-06, 9.494e+00, 2.753e+01, 2.527e-06, 8.105e-01]
363000 [9.078e-02, 3.048e+00, 9.529e+00, 4.374e-01, 3.710e-06, 9.527e+00, 2.904e+01, 2.505e-06, 7.939e-01]
364000 [9.085e-02, 3.035e+00, 9.532e+00, 4.431e-01, 3.698e-06, 9.565e+00, 3.112e+01, 2.486e-06, 7.847e-01]
365000 [9.090e-02, 3.022e+00, 9.535e+00, 4.449e-01, 3.688e-06, 9.593e+00, 3.229e+01, 2.471e-06, 7.814e-01]
366000 [9.093e-02, 3.010e+00, 9.539e+00, 4.447e-01, 3.677e-06, 9.618e+00, 3.265e+01, 2.457e-06, 7.840e-01]
367000 [9.102e-02, 2.998e+00, 9.542e+00, 4.445e-01, 3.667e-06, 9.641e+00, 3.330e+01, 2.442e-06, 7.888e-01]
368000 [9.107e-02, 2.985e+00, 9.545e+00, 4.432e-01, 3.657e-06, 9.662e+00, 3.392e+01, 2.428e-06, 7.931e-01]
369000 [9.114e-02, 2.973e+00, 9.549e+00, 4.417e-01, 3.646e-06, 9.679e+00, 3.435e+01, 2.415e-06, 7.973e-01]
370000 [9.119e-02, 2.961e+00, 9.555e+00, 4.401e-01, 3.634e-06, 9.694e+00, 3.484e+01, 2.401e-06, 8.023e-01]
371000 [9.125e-02, 2.948e+00, 9.560e+00, 4.385e-01, 3.622e-06, 9.704e+00, 3.539e+01, 2.389e-06, 8.081e-01]
372000 [9.130e-02, 2.936e+00, 9.566e+00, 4.370e-01, 3.609e-06, 9.712e+00, 3.605e+01, 2.376e-06, 8.149e-01]
373000 [9.137e-02, 2.924e+00, 9.572e+00, 4.357e-01, 3.595e-06, 9.716e+00, 3.678e+01, 2.362e-06, 8.225e-01]
374000 [9.143e-02, 2.912e+00, 9.577e+00, 4.348e-01, 3.581e-06, 9.717e+00, 3.744e+01, 2.351e-06, 8.309e-01]
375000 [9.147e-02, 2.900e+00, 9.584e+00, 4.340e-01, 3.567e-06, 9.716e+00, 3.804e+01, 2.340e-06, 8.397e-01]
376000 [9.152e-02, 2.888e+00, 9.589e+00, 4.338e-01, 3.552e-06, 9.713e+00, 3.854e+01, 2.329e-06, 8.480e-01]
377000 [9.157e-02, 2.876e+00, 9.596e+00, 4.350e-01, 3.536e-06, 9.716e+00, 3.847e+01, 2.318e-06, 8.568e-01]
378000 [9.165e-02, 2.863e+00, 9.601e+00, 4.310e-01, 3.522e-06, 9.718e+00, 3.912e+01, 2.308e-06, 8.699e-01]
379000 [9.173e-02, 2.851e+00, 9.606e+00, 4.313e-01, 3.506e-06, 9.718e+00, 3.920e+01, 2.297e-06, 8.807e-01]
380000 [9.178e-02, 2.838e+00, 9.614e+00, 4.328e-01, 3.488e-06, 9.720e+00, 3.892e+01, 2.287e-06, 8.938e-01]
381000 [9.188e-02, 2.824e+00, 9.619e+00, 4.261e-01, 3.475e-06, 9.718e+00, 3.970e+01, 2.278e-06, 9.086e-01]
382000 [9.194e-02, 2.812e+00, 9.624e+00, 4.254e-01, 3.459e-06, 9.719e+00, 4.031e+01, 2.267e-06, 9.229e-01]
383000 [9.192e-02, 2.800e+00, 9.628e+00, 4.275e-01, 3.442e-06, 9.714e+00, 3.959e+01, 2.256e-06, 9.223e-01]
384000 [9.198e-02, 2.789e+00, 9.634e+00, 4.267e-01, 3.428e-06, 9.720e+00, 4.050e+01, 2.247e-06, 9.280e-01]
385000 [9.189e-02, 2.780e+00, 9.642e+00, 4.388e-01, 3.411e-06, 9.761e+00, 3.990e+01, 2.237e-06, 9.354e-01]
386000 [9.193e-02, 2.768e+00, 9.645e+00, 4.352e-01, 3.399e-06, 9.772e+00, 4.016e+01, 2.227e-06, 9.362e-01]
387000 [9.210e-02, 2.754e+00, 9.651e+00, 4.328e-01, 3.385e-06, 9.782e+00, 4.195e+01, 2.217e-06, 9.427e-01]
388000 [9.215e-02, 2.741e+00, 9.659e+00, 4.309e-01, 3.370e-06, 9.784e+00, 4.202e+01, 2.208e-06, 9.546e-01]
389000 [9.224e-02, 2.726e+00, 9.664e+00, 4.302e-01, 3.355e-06, 9.783e+00, 4.234e+01, 2.198e-06, 9.689e-01]
390000 [9.231e-02, 2.713e+00, 9.670e+00, 4.295e-01, 3.340e-06, 9.783e+00, 4.256e+01, 2.188e-06, 9.836e-01]
391000 [9.237e-02, 2.701e+00, 9.674e+00, 4.291e-01, 3.326e-06, 9.784e+00, 4.320e+01, 2.179e-06, 9.987e-01]
392000 [9.242e-02, 2.688e+00, 9.679e+00, 4.291e-01, 3.311e-06, 9.785e+00, 4.340e+01, 2.171e-06, 1.014e+00]
393000 [9.226e-02, 2.676e+00, 9.682e+00, 4.308e-01, 3.296e-06, 9.777e+00, 4.023e+01, 2.161e-06, 1.007e+00]
394000 [9.238e-02, 2.666e+00, 9.692e+00, 4.280e-01, 3.288e-06, 9.775e+00, 4.161e+01, 2.151e-06, 9.953e-01]
395000 [9.208e-02, 2.658e+00, 9.700e+00, 4.372e-01, 3.273e-06, 9.740e+00, 3.716e+01, 2.142e-06, 9.726e-01]
396000 [9.212e-02, 2.650e+00, 9.710e+00, 4.345e-01, 3.264e-06, 9.736e+00, 3.964e+01, 2.132e-06, 9.618e-01]
397000 [9.215e-02, 2.640e+00, 9.718e+00, 4.363e-01, 3.252e-06, 9.729e+00, 4.084e+01, 2.123e-06, 9.606e-01]
398000 [9.222e-02, 2.629e+00, 9.722e+00, 4.382e-01, 3.242e-06, 9.723e+00, 4.158e+01, 2.116e-06, 9.618e-01]
399000 [9.228e-02, 2.617e+00, 9.724e+00, 4.393e-01, 3.231e-06, 9.720e+00, 4.179e+01, 2.107e-06, 9.643e-01]
400000 [9.214e-02, 2.605e+00, 9.724e+00, 4.341e-01, 3.216e-06, 9.706e+00, 3.960e+01, 2.100e-06, 9.664e-01]
401000 [9.224e-02, 2.595e+00, 9.730e+00, 4.510e-01, 3.202e-06, 9.747e+00, 3.996e+01, 2.092e-06, 9.768e-01]
402000 [9.222e-02, 2.586e+00, 9.734e+00, 4.550e-01, 3.196e-06, 9.804e+00, 4.024e+01, 2.084e-06, 9.835e-01]
403000 [9.223e-02, 2.576e+00, 9.739e+00, 4.447e-01, 3.190e-06, 9.834e+00, 4.195e+01, 2.075e-06, 9.963e-01]
404000 [9.226e-02, 2.565e+00, 9.741e+00, 4.387e-01, 3.180e-06, 9.834e+00, 4.321e+01, 2.067e-06, 1.009e+00]
405000 [9.232e-02, 2.552e+00, 9.745e+00, 4.350e-01, 3.169e-06, 9.831e+00, 4.418e+01, 2.059e-06, 1.025e+00]
406000 [9.235e-02, 2.541e+00, 9.750e+00, 4.411e-01, 3.157e-06, 9.844e+00, 4.460e+01, 2.051e-06, 1.038e+00]
407000 [9.241e-02, 2.528e+00, 9.755e+00, 4.329e-01, 3.147e-06, 9.852e+00, 4.570e+01, 2.044e-06, 1.053e+00]
408000 [9.248e-02, 2.516e+00, 9.760e+00, 4.337e-01, 3.135e-06, 9.856e+00, 4.678e+01, 2.037e-06, 1.067e+00]
409000 [9.253e-02, 2.505e+00, 9.766e+00, 4.360e-01, 3.122e-06, 9.860e+00, 4.741e+01, 2.030e-06, 1.081e+00]
410000 [9.157e-02, 2.491e+00, 9.765e+00, 4.140e-01, 3.096e-06, 9.798e+00, 4.093e+01, 2.025e-06, 1.091e+00]
411000 [9.171e-02, 2.486e+00, 9.785e+00, 4.398e-01, 3.082e-06, 9.800e+00, 4.064e+01, 2.018e-06, 1.087e+00]
412000 [9.187e-02, 2.473e+00, 9.783e+00, 4.359e-01, 3.075e-06, 9.800e+00, 4.122e+01, 2.010e-06, 1.086e+00]
413000 [9.192e-02, 2.461e+00, 9.781e+00, 4.383e-01, 3.063e-06, 9.808e+00, 4.189e+01, 2.003e-06, 1.084e+00]
414000 [9.197e-02, 2.449e+00, 9.780e+00, 4.347e-01, 3.054e-06, 9.817e+00, 4.321e+01, 1.994e-06, 1.084e+00]
415000 [9.204e-02, 2.434e+00, 9.782e+00, 4.382e-01, 3.042e-06, 9.817e+00, 4.261e+01, 1.987e-06, 1.085e+00]
